$ANSIBLE_VAULT;1.1;AES256
38633738383734356461663537363433636564353432663637316338623933613062613866633465
6636313265306234376361306239353033666462303035620a613063383066313663626533653530
31653563373165333161363963303638313765343333326564363931663366313362323333646139
3965333764393636370a616462326433623835613032326431303464633436366261376362393432
39656162626134633535306534326666303532306333306537643434306663343563613262656430
32666565613738613664623863333362373165343462376563343232626538633062326638313865
63373132396135616330306362303234313264383566343137653538653463336135653838383730
33643535326664653262393032636638373862373064353735613664386530393065323465643936
31336538656635323265383935633030313630323033366162373232336535626438656536306636
33386462613537653735393739303264613465623139356135366335646163633034656361333033
31336662626632396238626135623763363862353736653261313134663866643763303133643836
38613231656464653533346130636538313438643537366130323835313338343931396537323863
33343064303830396532306633383564663633313338303836643739646339316139383234633361
64333164373230653964396638656363386230386431623535393232333363313032636461623365
37323832316437653065383763623436386563306361343766653664303931363231626435653931
63386435336132353336643732653936336162636366613237333739386434363136396235346362
32626436653037356663663931373763393065326666626238303664333331363435653963623361
63613866666330633565663631366338356238626631353165623739376633656237663936303161
62623132623839393532333935653236623035326338306138643466613664323665653832366334
37343564323837313631646238353034306536356530356237353439343330643261613566396530
35363530336261616636323037383261333937386433396436633664303764376466323765326261
31323166646536613032623465636536336336653066306633366466303839646532643538653536
30303565633735643864333730316237343134326430656533646232663333626339366362663333
39386537663934616139333739366232316164303533303334623235623764373566383538383138
6134
